    162138     89044 1         1   W01       3564 18:47                         
    162092     89001 1         2   W01       3564 18:59                         
    162124     89033 1         3   W01       3564 19:24                         
    162105     89014 1         4   W01       3564 19:57                         
    162074     88987 1         5   W01       3564 21:47                         
    162125     89034 1         6   W01       3564 22:30                         
    162131     89039 1         7   W01       3564 22:46                         
    162071     88977 2         1   W02       4480 19:09                         
    162102     89011 2         2   W02       4480 19:54                         
    162140     89042 2         3   W02       4480 21:40                         
    162133     89049 2         4   W02       4480 22:03                         
    162136     89046 2         5   W02       4480 22:35                         
    162145     89054 2         6   W02       4480 23:18                         
    162135     89047 2         7   W02       4480 23:51                         
    162146     89053 3         1   W03       2395 18:00                         
    162150     89059 3         2   W03       2395 18:32                         
    162116     89025 3         3   W03       2395 19:25                         
    162143     89052 3         4   W03       2395 19:40                         
    162112     89021 3         5   W03       2395 20:13                         
    162127     89036 3         6   W03       2395 20:43                         
    162120     89029 3         7   W03       2395 20:55                         
    162162     89071 4         1   W04       2945 17:39                         
    162128     89037 4         2   W04       2945 18:25                         
    162089     88998 4         3   W04       2945 19:15                         
    162129     89041 4         4   W04       2945 19:28                         
    162119     89028 4         5   W04       2945 20:04                         
    162130     89040 4         6   W04       2945 20:17                         
    162156     89065 4         7   W04       2945 20:51                         
    162132     89038 4         8   W04       2945 21:26                         
    162096     89005 5         1   W05       2658 18:09                         
    162142     89051 5         2   W05       2658 18:22                         
    162153     89061 5         3   W05       2658 19:23                         
    162121     89030 5         4   W05       2658 19:43                         
    162160     89069 5         5   W05       2658 19:57                         
    162134     89048 5         6   W05       2658 20:22                         
    162069     88978 5         7   W05       2658 20:40                         
    162139     89043 5         8   W05       2658 21:21                         
    162073     88988 5         9   W05       2658 21:33                         
    162070     88983 6         1   W06       2382 17:31                         
    162152     89062 6         2   W06       2382 18:17                         
    162077     88984 6         3   W06       2382 19:19                         
    162155     89064 6         4   W06       2382 19:52                         
    162118     89027 6         5   W06       2382 20:12                         
    162104     89013 6         6   W06       2382 20:34                         
    162094     89004 6         7   W06       2382 21:24                         
    162159     89068 7         1   JAC01     1190 17:01                         
    162099     89008 7         2   JAC01     1190 17:13                         
    162100     89009 7         3   JAC01     1190 17:47                         
    162163     89072 7         4   JAC01     1190 18:21                         
    162111     89020 7         5   JAC01     1190 18:34                         
